150 360 20 300 300 140 400 410 310 60 
70 270 340 10 30 340 200 230 340 70 
310 90 200 210 210 60 430 500 190 400 
300 20 460 40 170 170 420 310 420 130 
470 10 430 230 70 380 70 220 360 340 
420 340 380 440 460 110 100 110 380 260 
250 170 180 40 300 260 130 60 20 270 
190 500 330 40 190 0 250 300 350 220 
90 350 470 30 230 420 80 480 330 190 
450 260 200 490 110 60 210 400 150 200 
370 400 140 50 270 460 110 470 270 320 
80 230 50 340 130 120 190 80 10 350 
460 190 140 320 400 320 230 490 340 150 
170 490 140 210 160 170 170 310 330 120 
490 310 360 260 180 470 30 130 140 160 
190 390 130 170 40 290 220 430 260 450 
220 330 480 470 480 60 170 90 490 70 
120 350 190 170 400 210 290 480 70 0 
490 480 440 60 460 330 350 260 460 10 
500 30 0 390 40 130 130 420 120 350 
500 170 190 250 380 210 250 220 120 280 
170 270 480 160 340 350 430 160 120 490 
430 480 430 420 140 360 470 40 310 260 
300 20 440 70 100 160 310 360 450 240 
230 410 140 300 330 400 180 480 330 310 
360 240 310 130 340 210 170 250 440 200 
430 60 90 150 230 340 40 480 450 50 
180 230 310 70 440 370 370 220 330 260 
340 450 190 330 230 80 10 420 310 50 
380 500 0 300 80 410 300 420 480 340 
320 240 210 100 0 500 320 30 130 150 
180 130 480 380 60 280 220 420 120 110 
340 290 300 100 30 420 440 490 430 450 
300 50 380 320 260 340 430 220 210 450 
200 370 230 130 290 170 400 460 100 140 
390 440 280 160 450 210 230 260 490 410 
270 280 230 440 200 480 170 210 420 30 
220 410 50 120 390 220 140 80 170 360 
290 250 150 100 160 290 170 450 50 110 
210 110 470 130 380 440 310 110 330 170 
10 30 420 500 10 370 260 40 200 290 
460 270 460 140 380 300 300 470 160 150 
300 500 330 60 310 220 480 330 300 370 
40 380 200 280 460 40 330 300 190 420 
380 170 210 410 260 230 400 170 340 30 
270 280 440 140 450 330 380 240 190 10 
280 210 160 300 50 10 0 360 160 10 
20 120 430 440 410 410 500 160 220 240 
180 120 120 260 370 420 220 330 180 290 
50 440 140 340 260 420 270 40 450 20 
