330 110 130 240 160 
330 230 390 10 300 
10 300 210 220 10 
180 0 190 360 120 
440 370 140 250 290 
380 100 140 330 200 
150 490 20 100 140 
120 410 210 160 90 
180 400 220 150 150 
20 40 100 90 40 
40 450 280 430 10 
480 240 350 380 50 
30 90 470 280 320 
400 420 260 460 20 
350 180 100 360 100 
150 200 210 170 300 
30 320 210 420 380 
430 440 190 110 440 
450 190 420 20 10 
60 150 430 170 420 
410 490 430 330 500 
370 120 150 380 400 
390 10 260 390 130 
340 460 180 380 460 
330 200 40 40 0 
